603
601
557
575
561
611
602
556
569
579
582
615
664
628
583
567
546
676
606
671
548
547
638
594
622
645
612
586
633
618
555
664
610
661
547
648
666
664
565
540
551
540
553
622
535
596
565
603
553
670
547
602
541
540
560
550
561
657
667
660
560
551
603
608
597
648
590
560
627
632
656
607
571
591
605
629
563
651
633
633
633
631
639
556
572
654
554
659
630
613
566
563
645
564
650
649
657
631
562
647
596
579
621
560
564
568
557
552
590
554
649
653
565
598
655
565
539
643
566
577
554
644
566
575
566
582
629
567
581
553
627
633
616
673
638
552
578
645
554
658
654
557
562
620
587
584
618
661
566
577
548
569
557
539
594
536
642
668
648
658
661
583
584
551
542
546
640
670
554
654
555
670
545
646
545
631
550
557
535
585
667
669
559
542
540
558
554
644
618
567
553
627
639
625
622
535
649
581
547
622
628
596
608
612
584
560
565
555
637
565
562
630
554
645
556
590
648
633
512
701
582
556
620
553
653
558
558
560
562
636
554
653
560
562
638
587
609
572
671
569
640
586
639
623
550
581
548
587
587
596
616
605
555
647
596
572
658
659
628
564
596
630
549
555
656
622
542
558
567
570
641
649
655
564
567
556
606
650
654
553
650
658
658
660
590
640
659
639
632
590
553
655
572
568
551
586
639
628
594
557
553
644
596
605
554
659
634
582
618
567
553
637
567
554
656
600
621
563
652
570
587
599
608
601
566
575
562
634
653
559
553
650
659
636
557
561
587
599
632
654
556
580
650
658
656
600
613
562
637
568
560
618
658
659
639
627
634
590
648
644
604
592
618
653
560
567
580
565
615
660
593
572
655
585
654
553
636
595
564
567
553
618
659
644
555
653
556
620
557
552
587
603
560
627
642
624
651
601
558
556
663
575
579
594
549
551
558
561
654
557
567
555
655
570
641
654
560
612
591
605
624
588
558
518
619
682
567
587
590
647
581
543
563
592
584
559
552
603
622
619
637
552
629
569
570
646
555
595
568
623
549
555
642
636
543
567
587
603
558
559
572
573
633
643
581
652
562
616
567
603
635
569
562
644
566
575
573
643
586
562
657
645
576
557
584
562
611
633
644
568
560
599
566
557
559
555
640
651
656
605
565
612
567
577
653
574
600
591
616
638
581
552
582
557
553
618
654
554
657
628
596
639
551
574
554
645
551
573
550
548
577
560
617
637
565
616
635
564
652
573
643
578
568
633
616
591
568
629
575
569
558
558
548
578
568
620
593
559
550
550
551
555
616
649
658
651
661
566
595
565
549
572
661
580
644
623
654
555
655
557
554
652
625
624
658
660
623
652
627
560
556
582
644
561
574
548
573
651
614
631
553
652
627
561
580
576
555
662
553
620
603
556
577
552
612
597
638
555
657
643
651
614
641
621
571
640
575
579
607
658
658
656
597
545
625
632
580
579
618
663
557
555
654
548
574
598
663
558
557
551
554
610
568
548
577
554
654
554
648
641
621
564
656
617
638
552
581
553
631
558
559
578
644
559
550
552
632
587
607
652
570
597
554
655
559
580
569
567
587
604
588
569
563
598
662
551
560
628
576
571
673
603
617
587
581
549
559
553
633
630
553
634
656
576
629
565
622
625
617
646
559
548
575
566
583
584
564
651
599
632
659
637
560
628
586
556
561
585
656
591
579
599
632
661
561
594
641
644
551
561
657
654
555
622
639
563
583
579
625
643
637
565
552
616
606
554
644
557
567
549
559
550
561
655
562
636
553
649
634
658
663
565
548
578
586
648
664
564
564
625
608
603
561
657
643
640
657
637
567
551
567
596
569
576
637
561
595
595
578
638
596
570
616
619
629
580
568
567
576
636
593
551
563
585
549
540
576
548
576
555
635
562
636
589
660
596
617
651
658
656
630
552
597
551
558
558
553
658
661
564
652
569
566
563
601
563
654
553
635
647
594
657
649
619
640
657
617
637
569
566
555
600
598
658
658
660
598
655
573
559
549
548
589
658
659
655
585
673
606
549
554
657
639
560
630
556
593
555
646
566
558
556
566
573
638
588
572
660
590
645
540
574
613
652
610
555
653
553
630
550
544
630
546
657
649
634
655
558
562
645
551
577
655
561
655
565
552
597
552
582
557
553
628
597
644
602
543
570
646
569
655
556
578
577
654
555
648
641
613
559
551
562
648
637
575
564
647
582
561
655
556
570
592
618
660
602
553
631
556
567
560
559
577
658
659
657
646
549
567
560
564
568
551
565
553
624
582
554
653
553
615
555
554
639
573
620
554
655
564
572
661
589
657
619
640
645
573
651
605
616
591
568
617
631
555
609
585
549
566
577
535
590
553
649
610
662
551
556
573
648
633
622
558
557
573
657
650
650
652
626
580
649
612
593
557
567
574
596
597
561
591
572
574
608
615
658
658
655
556
574
606
653
575
565
620
555
598
660
608
605
620
598
686
582
598
649
642
659
670
518
576
620
604
584
592
648
569
625
657
623
550
562
657
650
657
603
629
564
573
647
622
571
647
546
630
567
600
584
598
582
552
579
612
561
654
559
552
603
632
657
621
564
646
571
644
569
571
593
565
603
552
635
649
652
595
564
563
649
619
637
558
551
584
620
597
642
658
654
558
561
599
577
656
581
554
658
653
562
626
654
555
609
573
632
653
556
615
658
665
638
556
597
649
620
590
645
552
614
560
604
584
560
561
652
605
623
558
551
577
650
662
563
654
556
612
562
651
604
576
625
629
571
626
656
582
556
587
583
575
573
552
579
616
642
625
626
588
632
577
651
655
578
653
555
651
608
618
561
582
556
575
570
605
555
655
571
607
650
649
660
596
606
552
611
625
621
582
557
551
559
580
572
662
557
564
651
601
564
645
554
650
642
615
661
561
594
650
638
585
657
639
561
657
642
659
635
565
601
563
653
560
572
570
613
561
596
574
596
608
612
582
632
657
638
554
655
566
557
557
569
570
640
658
658
656
581
552
604
579
620
588
641
631
562
646
570
645
553
657
625
640
580
570
609
641
632
587
606
656
589
557
576
553
632
586
653
555
645
551
564
566
578
575
578
650
644
564
642
618
568
551
575
579
606
658
655
555
614
640
582
522
585
553
640
583
581
550
554
659
636
557
568
555
615
655
567
586
650
641
648
641
618
668
634
586
546
634
602
556
599
636
555
650
646
569
653
573
646
567
575
583
575
583
579
606
653
574
602
557
569
566
554
652
572
658
657
624
583
579
597
641
630
550
555
623
654
549
558
560
567
577
656
592
626
661
565
611
553
652
596
605
554
652
599
628
552
635
644
562
650
658
657
646
552
601
654
552
604
580
658
661
569
568
636
601
561
591
582
560
622
547
619
548
581
655
568
632
593
653
570
598
557
554
657
626
660
596
604
580
649
621
563
655
557
554
653
565
612
570
645
556
582
622
633
638
554
622
575
592
630
550
558
559
582
563
595
577
653
560
569
661
566
569
572
569
578
639
630
551
574
565
552
600
628
589
658
660
586
567
592
635
640
658
659
625
597
648
600
617
643
644
551
560
637
565
605
632
586
644
551
560
626
658
655
561
655
562
643
583
578
575
584
629
563
656
587
607
646
566
561
660
591
603
563
593
552
596
572
660
575
561
598
560
632
605
556
597
657
636
591
587
593
653
560
574
563
592
571
647
561
659
620
567
593
657
646
555
620
566
566
564
558
558
558
555
624
636
552
624
605
556
592
565
592
566
572
653
548
562
636
590
633
619
553
656
601
653
561
608
621
553
630
550
558
563
587
599
587
589
655
580
589
623
652
575
565
583
568
556
562
647
570
626
568
560
642
661
555
640
660
588
648
594
643
568
554
633
617
577
560
649
638
556
570
624
615
573
550
565
551
578
631
655
566
568
643
633
617
574
582
610
561
638
530
613
616
619
623
658
653
553
652
585
553
654
549
550
550
561
658
654
565
552
624
611
609
566
571
654
553
655
562
632
657
659
634
578
586
640
662
551
576
641
640
594
643
571
652
592
568
556
565
595
578
631
654
554
658
653
551
582
565
554
652
559
556
563
656
624
604
568
556
570
614
557
552
600
625
642
659
630
620
584
557
572
658
652
563
659
632
658
652
562
638
554
660
589
657
644
599
630
617
646
553
640
590
558
559
581
551
565
547
610
554
657
632
585
660
605
632
587
608
608
608
610
555
652
565
618
568
557
554
656
576
635
648
643
648
633
636
604
592
620
594
554
652
571
642
658
657
609
645
574
606
659
656
604
588
634
660
619
552
594
659
632
664
581
551
538
609
592
583
582
637
560
624
584
622
556
605
624
591
574
556
570
598
552
615
562
653
551
559
577
661
575
567
557
583
591
614
638
552
585
655
555
617
596
603
634
594
556
583
586
558
556
572
663
556
573
634
591
608
611
549
550
555
627
553
626
656
591
576
632
582
561
654
556
623
659
657
646
553
610
662
556
615
656
593
651
651
607
652
577
557
552
585
653
570
594
658
657
651
652
570
600
621
565
604
587
604
587
596
607
567
591
576
632
590
558
556
576
553
638
551
559
580
562
620
588
635
650
641
652
573
643
572
659
647
602
662
548
575
568
551
576
629
556
636
554
660
595
571
594
555
609
568
551
570
642
604
592
631
558
561
657
640
591
580
562
633
635
642
616
628
558
558
556
570
597
553
627
638
587
603
560
633
638
554
661
568
552
622
552
610
657
653
570
604
577
557
548
582
617
587
596
572
657
653
566
570
616
605
554
626
624
643
571
650
658
662
553
643
643
572
663
560
635
640
660
600
584
561
593
652
598
659
620
561
655
558
558
558
549
550
551
568
634
658
655
555
618
565
613
600
608
606
552
616
590
553
659
645
553
651
647
606
551
580
569
568
639
562
647
614
549
549
553
627
631
652
592
569
574
556
559
551
589
548
576
550
557
550
545
660
576
552
613
555
642
600
584
558
555
642
600
584
551
557
546
652
568
551
586
643
576
555
646
569
657
627
642
624
653
553
623
557
553
629
568
548
582
631
642
651
655
572
562
615
563
610
554
649
615
563
594
546
650
642
607
648
644
609
573
635
560
568
623
562
637
556
560
557
548
577
556
561
591
586
641
645
555
593
551
559
598
557
550
552
629
561
597
553
641
633
644
600
581
654
560
631
560
643
646
571
592
571
645
570
613
559
551
572
560
559
588
561
577
657
631
556
569
569
657
628
599
634
593
554
653
571
628
595
571
602
554
657
612
591
616
644
561
585
657
614
552
596
584
564
652
574
594
549
550
553
631
557
551
557
554
660
614
647
551
573
550
551
561
655
556
568
552
618
660
600
593
554
651
644
554
655
556
573
643
575
567
552
573
550
552
619
636
552
602
651
616
628
557
549
563
657
623
560
635
647
602
663
561
658
661
576
549
563
655
554
646
570
644
563
662
553
634
656
585
656
573
504
633
687
537
641
609
666
647
561
649
623
561
657
622
549
558
561
587
603
556
563
655
554
645
554
654
552
629
567
556
610
556
618
561
583
578
648
646
552
585
659
653
555
645
549
557
577
554
653
552
591
573
547
632
659
636
555
642
621
588
572
666
661
571
642
662
553
630
552
598
556
578
573
550
552
600
614
551
563
591
614
642
659
647
593
655
557
551
559
582
554
638
585
656
588
572
662
546
658
660
584
563
660
591
604
589
554
656
587
599
633
630
600
621
561
591
581
550
551
570
640
661
574
591
613
600
616
601
648
581
553
617
647
552
621
563
654
551
559
585
656
576
637
570
596
573
643
578
571
598
659
645
551
569
658
655
559
577
655
562
642
622
633
630
550
554
655
575
587
599
629
573
548
577
554
639
622
548
574
596
614
551
569
656
591
576
634
653
565
616
635
562
633
630
553
643
655
582
555
598
658
652
538
607
638
542
559
577
659
636
557
558
558
556
598
660
580
652
594
548
559
521
651
584
555
645
552
621
554
651
631
648
593
656
590
548
561
602
650
635
560
569
655
566
561
659
629
573
551
577
659
631
650
658
655
569
655
568
644
598
652
571
652
598
655
581
554
657
653
567
549
556
618
548
598
668
578
466
636
224
268
589
754
597
669
555
652
550
549
547
635
548
588
654
543
565
539
571
653
564
663
574
558
565
540
545
642
671
542
559
613
541
548
603
548
545
644
610
542
537
670
543
568
656
561
674
668
633
631
659
673
625
640
566
553
673
617
647
541
538
660
572
675
674
660
649
676
622
637
562
621
556
653
541
540
569
551
608
616
601
669
581
666
674
674
673
605
543
563
570
608
631
552
734
363
547
593
478
582
631
616
628
570
596
545
650
635
532
620
551
653
586
580
597
625
600
576
550
561
651
620
566
560
644
589
656
617
644
588
640
596
568
561
654
550
551
602
644
551
562
637
564
564
636
556
578
572
548
596
614
547
588
642
655
558
559
594
660
575
563
654
553
650
658
655
581
522
625
587
593
671
546
627
554
657
654
550
560
635
633
623
653
557
568
556
571
647
564
565
588
644
593
550
521
628
557
554
657
647
563
582
622
640
589
551
573
549
555
635
563
657
654
549
554
658
655
573
555
627
555
638
586
645
552
620
583
575
565
603
559
599
578
642
602
554
622
581
549
557
578
581
554
657
650
654
557
567
540
583
579
620
576
551
550
559
603
623
681
592
632
599
563
542
557
646
562
650
649
679
553
650
652
600
595
568
626
658
652
597
643
645
553
645
572
657
634
655
577
699
525
570
596
626
661
572
655
569
654
555
622
634
655
568
643
635
560
569
651
611
556
563
653
557
568
561
645
559
525
545
661
561
611
625
598
653
556
593
557
568
557
545
638
556
583
580
641
641
634
657
631
560
632
578
680
592
658
623
495
712
538
623
671
534
569
404
555
669
564
628
557
556
602
544
647
490
575
542
536
634
673
588
565
614
659
657
659
659
612
603
647
603
595
